- id: 0
  frame: map
  position: [1.294297, 2.652512, 0.572749]
  orientation: [0.499243, -0.500518, 0.499434, 0.500803]
